$ 1 0.000005 10.20027730826997 50 5 43 5e-11
t 272 320 272 272 0 1 0.6393467061518088 0.6390893408441518 100 default
t 400 272 400 320 0 1 0.00025736531565812015 -2.450205416137618 100 default
w 288 272 288 240 0
w 288 240 432 240 0
w 432 240 432 320 0
w 432 320 416 320 0
r 384 352 272 352 0 330
w 272 352 272 320 0
w 384 352 384 320 0
w 384 352 496 352 0
r 256 208 400 208 0 330
w 256 272 256 208 0
w 400 272 400 208 0
w 256 208 160 208 0
s 128 208 160 208 0 1 false
s 496 352 528 352 0 0 false
R 128 208 96 208 0 0 40 5 0 0 0.5
R 528 352 560 352 0 0 40 5 0 0 0.5
162 432 112 528 112 2 default-led 1 0 0 0.01
g 528 112 528 176 0 0
r 432 240 432 112 0 150
t 336 608 368 608 0 1 0.6258323667964554 0.6258323667964554 100 default
R 368 624 368 688 0 0 40 3.3 0 0 0.5
r 336 608 288 608 0 330
162 416 624 416 720 2 default-led 1 0 0 0.01
g 416 720 416 736 0 0
w 368 592 368 560 0
w 368 560 416 560 0
R 288 608 256 608 0 0 40 5 0 0 0.5
r 416 560 416 624 0 330
R 368 560 368 528 0 0 40 3.3 0 0 0.5
