$ 1 0.000005 10.20027730826997 50 5 43 5e-11
t 304 192 336 192 0 1 -0.5862478285244945 0.16890456404778664 100 default
t 256 272 288 272 0 1 -0.08477564725797926 0.6703767453143019 100 default
w 336 208 336 304 0
w 288 288 288 304 0
w 288 304 336 304 0
w 288 256 368 256 0
w 368 256 368 176 0
w 336 176 368 176 0
g 336 352 336 384 0 0
r 256 272 176 272 0 470
r 304 192 176 192 0 470
s 128 192 176 192 0 1 false
s 128 272 176 272 0 0 false
R 128 272 96 272 0 0 40 5 0 0 0.5
R 128 192 96 192 0 0 40 5 0 0 0.5
R 368 176 368 128 0 0 40 5 0 0 0.5
162 400 304 400 352 2 default-led 1 0 0 0.01
g 400 352 400 384 0 0
r 336 304 400 304 0 150
r 336 304 336 352 0 2000
